key: QVOKVMQQ
PC-1:
0101000101010110010011110100101101010110010011010101000101010001
PC-2:
101100001001001001001010101001000011011010110001
101100000001101011010010101110110111000001000001
001101000111001001010000011000101100001100100110
000001100101010101010100100101000010110110001110
010011100100000101010101111011000001001011010001
000011111100000100101001010100111110001001101011
100010110000000110101011001101101001110100001000
101110010000101010001001100010000011010101110110
001110010001100010001010110011010101000111100001
001100000010100011001100000000101110101001101001
000100000110110000010100111100101001110100010100
010001000010110100110100100010010000011110111010
110001101010010000100101010111010111101000000001
110010111000011000100010011100100100000001111100
111010001001001010101010100000011011100110001110
101000011001001010100010000011010010011110011001